(kicad_pcb (version 20171130) (host pcbnew "(5.1.9)-1")

  (general
    (thickness 1.6)
    (drawings 34)
    (tracks 766)
    (zones 0)
    (modules 90)
    (nets 89)
  )

  (page USLetter)
  (title_block
    (title "Simple GPSDO")
    (date 2020-09-23)
    (rev C)
    (company W3AXL)
  )

  (layers
    (0 F.Cu signal)
    (31 B.Cu signal)
    (32 B.Adhes user)
    (33 F.Adhes user)
    (34 B.Paste user)
    (35 F.Paste user)
    (36 B.SilkS user)
    (37 F.SilkS user)
    (38 B.Mask user)
    (39 F.Mask user)
    (40 Dwgs.User user)
    (41 Cmts.User user)
    (42 Eco1.User user)
    (43 Eco2.User user)
    (44 Edge.Cuts user)
    (45 Margin user)
    (46 B.CrtYd user)
    (47 F.CrtYd user)
    (48 B.Fab user hide)
    (49 F.Fab user hide)
  )

  (setup
    (last_trace_width 0.3)
    (user_trace_width 0.3)
    (user_trace_width 0.4)
    (user_trace_width 0.5)
    (user_trace_width 0.75)
    (user_trace_width 1)
    (user_trace_width 1.25)
    (user_trace_width 1.5)
    (user_trace_width 2)
    (user_trace_width 3)
    (trace_clearance 0.2)
    (zone_clearance 0.3)
    (zone_45_only no)
    (trace_min 0.2)
    (via_size 0.8)
    (via_drill 0.4)
    (via_min_size 0.6)
    (via_min_drill 0.3)
    (user_via 0.6 0.3)
    (user_via 0.8 0.4)
    (user_via 1 0.5)
    (user_via 1.5 0.75)
    (uvia_size 0.3)
    (uvia_drill 0.1)
    (uvias_allowed no)
    (uvia_min_size 0.2)
    (uvia_min_drill 0.1)
    (edge_width 0.05)
    (segment_width 0.2)
    (pcb_text_width 0.3)
    (pcb_text_size 1.5 1.5)
    (mod_edge_width 0.12)
    (mod_text_size 1 1)
    (mod_text_width 0.15)
    (pad_size 1.524 1.524)
    (pad_drill 0.762)
    (pad_to_mask_clearance 0)
    (aux_axis_origin 0 0)
    (visible_elements 7FFFFFFF)
    (pcbplotparams
      (layerselection 0x010f0_ffffffff)
      (usegerberextensions false)
      (usegerberattributes true)
      (usegerberadvancedattributes true)
      (creategerberjobfile true)
      (excludeedgelayer true)
      (linewidth 0.100000)
      (plotframeref false)
      (viasonmask false)
      (mode 1)
      (useauxorigin false)
      (hpglpennumber 1)
      (hpglpenspeed 20)
      (hpglpendiameter 15.000000)
      (psnegative false)
      (psa4output false)
      (plotreference true)
      (plotvalue true)
      (plotinvisibletext false)
      (padsonsilk false)
      (subtractmaskfromsilk false)
      (outputformat 1)
      (mirror false)
      (drillshape 0)
      (scaleselection 1)
      (outputdirectory "gerb/revD/"))
  )

  (net 0 "")
  (net 1 GND)
  (net 2 10MHz)
  (net 3 "Net-(C15-Pad1)")
  (net 4 "Net-(C20-Pad2)")
  (net 5 "Net-(C20-Pad1)")
  (net 6 "Net-(C21-Pad1)")
  (net 7 "Net-(D1-Pad1)")
  (net 8 "Net-(D1-Pad2)")
  (net 9 "Net-(D2-Pad2)")
  (net 10 "Net-(D3-Pad2)")
  (net 11 "Net-(D4-Pad2)")
  (net 12 "Net-(D5-Pad2)")
  (net 13 "Net-(F1-Pad2)")
  (net 14 ISP_MISO)
  (net 15 "Net-(J3-Pad2)")
  (net 16 ISP_SCK)
  (net 17 ISP_MOSI)
  (net 18 ~RST)
  (net 19 GPS_PPS)
  (net 20 GPS_RX)
  (net 21 GPS_TX)
  (net 22 OVEN_TEMP)
  (net 23 POWER_OK)
  (net 24 GPS_LOCK)
  (net 25 "Net-(R18-Pad1)")
  (net 26 "Net-(U2-Pad1)")
  (net 27 "Net-(U2-Pad2)")
  (net 28 "Net-(U2-Pad8)")
  (net 29 "Net-(U2-Pad19)")
  (net 30 "Net-(U2-Pad30)")
  (net 31 5MHz)
  (net 32 "Net-(U2-Pad33)")
  (net 33 "Net-(U2-Pad40)")
  (net 34 "Net-(U2-Pad41)")
  (net 35 "Net-(U7-Pad8)")
  (net 36 "Net-(U7-Pad5)")
  (net 37 "Net-(U7-Pad1)")
  (net 38 "Net-(F1-Pad1)")
  (net 39 "Net-(C3-Pad1)")
  (net 40 "Net-(C4-Pad2)")
  (net 41 "Net-(C11-Pad1)")
  (net 42 OSC_CTRL)
  (net 43 ADC0)
  (net 44 "Net-(C25-Pad1)")
  (net 45 "Net-(C26-Pad2)")
  (net 46 "Net-(FB2-Pad2)")
  (net 47 "Net-(J6-Pad2)")
  (net 48 "Net-(J7-Pad1)")
  (net 49 "Net-(J7-Pad3)")
  (net 50 "Net-(J7-Pad2)")
  (net 51 "Net-(J8-Pad2)")
  (net 52 "Net-(J8-Pad1)")
  (net 53 /PWM_D3)
  (net 54 /PWM_D11)
  (net 55 "Net-(R7-Pad2)")
  (net 56 TIME_LOCK)
  (net 57 "Net-(R10-Pad2)")
  (net 58 ADC3)
  (net 59 ADC1)
  (net 60 "Net-(U2-Pad29)")
  (net 61 /ADC2)
  (net 62 /1MHz)
  (net 63 "Net-(U8-Pad2)")
  (net 64 "Net-(U8-Pad3)")
  (net 65 "Net-(U8-Pad5)")
  (net 66 "Net-(U8-Pad6)")
  (net 67 "Net-(U8-Pad7)")
  (net 68 "Net-(Y2-Pad2)")
  (net 69 "Net-(R1-Pad1)")
  (net 70 "Net-(R2-Pad2)")
  (net 71 XTAL1)
  (net 72 XTAL2)
  (net 73 "Net-(C5-Pad2)")
  (net 74 "Net-(C7-Pad1)")
  (net 75 "Net-(C27-Pad1)")
  (net 76 "Net-(R26-Pad1)")
  (net 77 "Net-(C7-Pad2)")
  (net 78 +6V)
  (net 79 "Net-(FB1-Pad2)")
  (net 80 "Net-(C24-Pad2)")
  (net 81 "Net-(R28-Pad2)")
  (net 82 "Net-(U2-Pad27)")
  (net 83 +5V)
  (net 84 "Net-(FB3-Pad1)")
  (net 85 "Net-(FB3-Pad2)")
  (net 86 "Net-(J6-Pad3)")
  (net 87 "Net-(J6-Pad4)")
  (net 88 "Net-(D6-Pad2)")

  (net_class Default "This is the default net class."
    (clearance 0.2)
    (trace_width 0.25)
    (via_dia 0.8)
    (via_drill 0.4)
    (uvia_dia 0.3)
    (uvia_drill 0.1)
    (add_net +5V)
    (add_net +6V)
    (add_net /1MHz)
    (add_net /ADC2)
    (add_net /PWM_D11)
    (add_net /PWM_D3)
    (add_net 10MHz)
    (add_net 5MHz)
    (add_net ADC0)
    (add_net ADC1)
    (add_net ADC3)
    (add_net GND)
    (add_net GPS_LOCK)
    (add_net GPS_PPS)
    (add_net GPS_RX)
    (add_net GPS_TX)
    (add_net ISP_MISO)
    (add_net ISP_MOSI)
    (add_net ISP_SCK)
    (add_net "Net-(C11-Pad1)")
    (add_net "Net-(C15-Pad1)")
    (add_net "Net-(C20-Pad1)")
    (add_net "Net-(C20-Pad2)")
    (add_net "Net-(C21-Pad1)")
    (add_net "Net-(C24-Pad2)")
    (add_net "Net-(C25-Pad1)")
    (add_net "Net-(C26-Pad2)")
    (add_net "Net-(C27-Pad1)")
    (add_net "Net-(C3-Pad1)")
    (add_net "Net-(C4-Pad2)")
    (add_net "Net-(C5-Pad2)")
    (add_net "Net-(C7-Pad1)")
    (add_net "Net-(C7-Pad2)")
    (add_net "Net-(D1-Pad1)")
    (add_net "Net-(D1-Pad2)")
    (add_net "Net-(D2-Pad2)")
    (add_net "Net-(D3-Pad2)")
    (add_net "Net-(D4-Pad2)")
    (add_net "Net-(D5-Pad2)")
    (add_net "Net-(D6-Pad2)")
    (add_net "Net-(F1-Pad1)")
    (add_net "Net-(F1-Pad2)")
    (add_net "Net-(FB1-Pad2)")
    (add_net "Net-(FB2-Pad2)")
    (add_net "Net-(FB3-Pad1)")
    (add_net "Net-(FB3-Pad2)")
    (add_net "Net-(J3-Pad2)")
    (add_net "Net-(J6-Pad2)")
    (add_net "Net-(J6-Pad3)")
    (add_net "Net-(J6-Pad4)")
    (add_net "Net-(J7-Pad1)")
    (add_net "Net-(J7-Pad2)")
    (add_net "Net-(J7-Pad3)")
    (add_net "Net-(J8-Pad1)")
    (add_net "Net-(J8-Pad2)")
    (add_net "Net-(R1-Pad1)")
    (add_net "Net-(R10-Pad2)")
    (add_net "Net-(R18-Pad1)")
    (add_net "Net-(R2-Pad2)")
    (add_net "Net-(R26-Pad1)")
    (add_net "Net-(R28-Pad2)")
    (add_net "Net-(R7-Pad2)")
    (add_net "Net-(U2-Pad1)")
    (add_net "Net-(U2-Pad19)")
    (add_net "Net-(U2-Pad2)")
    (add_net "Net-(U2-Pad27)")
    (add_net "Net-(U2-Pad29)")
    (add_net "Net-(U2-Pad30)")
    (add_net "Net-(U2-Pad33)")
    (add_net "Net-(U2-Pad40)")
    (add_net "Net-(U2-Pad41)")
    (add_net "Net-(U2-Pad8)")
    (add_net "Net-(U7-Pad1)")
    (add_net "Net-(U7-Pad5)")
    (add_net "Net-(U7-Pad8)")
    (add_net "Net-(U8-Pad2)")
    (add_net "Net-(U8-Pad3)")
    (add_net "Net-(U8-Pad5)")
    (add_net "Net-(U8-Pad6)")
    (add_net "Net-(U8-Pad7)")
    (add_net "Net-(Y2-Pad2)")
    (add_net OSC_CTRL)
    (add_net OVEN_TEMP)
    (add_net POWER_OK)
    (add_net TIME_LOCK)
    (add_net XTAL1)
    (add_net XTAL2)
    (add_net ~RST)
  )

  (module w3axl-logos:logo-4.2x4.2 (layer F.Cu) (tedit 5F89EAF3) (tstamp 6174DAD7)
    (at 94.25 102.5)
    (fp_text reference G*** (at 0 0) (layer F.SilkS) hide
      (effects (font (size 1.524 1.524) (thickness 0.3)))
    )
    (fp_text value LOGO (at 0.75 0) (layer F.SilkS) hide
      (effects (font (size 1.524 1.524) (thickness 0.3)))
    )
    (fp_poly (pts (xy 1.788764 -2.091516) (xy 1.787361 -2.090047) (xy 1.77945 -2.084552) (xy 1.75857 -2.070219)
      (xy 1.725313 -2.047452) (xy 1.680269 -2.016653) (xy 1.624028 -1.978225) (xy 1.557181 -1.932572)
      (xy 1.480318 -1.880096) (xy 1.394031 -1.8212) (xy 1.298909 -1.756287) (xy 1.195544 -1.685761)
      (xy 1.084525 -1.610024) (xy 0.966444 -1.529479) (xy 0.84189 -1.444529) (xy 0.711455 -1.355578)
      (xy 0.57573 -1.263028) (xy 0.435304 -1.167281) (xy 0.290768 -1.068742) (xy 0.142713 -0.967813)
      (xy 0.137232 -0.964077) (xy -1.499451 0.151595) (xy -1.795295 1.111569) (xy -1.832649 1.232701)
      (xy -1.868647 1.349281) (xy -1.902996 1.460372) (xy -1.935405 1.565035) (xy -1.96558 1.662333)
      (xy -1.993231 1.751328) (xy -2.018065 1.831081) (xy -2.03979 1.900654) (xy -2.058115 1.95911)
      (xy -2.072746 2.00551) (xy -2.083393 2.038917) (xy -2.089762 2.058392) (xy -2.091597 2.063275)
      (xy -2.090075 2.05432) (xy -2.085518 2.030288) (xy -2.078121 1.992149) (xy -2.068076 1.940873)
      (xy -2.055579 1.87743) (xy -2.040824 1.802791) (xy -2.024005 1.717925) (xy -2.005316 1.623803)
      (xy -1.984952 1.521395) (xy -1.963106 1.411671) (xy -1.939973 1.295602) (xy -1.915747 1.174157)
      (xy -1.890622 1.048307) (xy -1.864793 0.919021) (xy -1.838453 0.787271) (xy -1.811798 0.654025)
      (xy -1.78502 0.520256) (xy -1.758315 0.386931) (xy -1.731876 0.255022) (xy -1.705899 0.1255)
      (xy -1.680576 -0.000667) (xy -1.656102 -0.122508) (xy -1.632672 -0.239052) (xy -1.610479 -0.34933)
      (xy -1.589718 -0.452371) (xy -1.570583 -0.547205) (xy -1.553268 -0.632862) (xy -1.537968 -0.708371)
      (xy -1.524877 -0.772764) (xy -1.514188 -0.825069) (xy -1.506096 -0.864316) (xy -1.500796 -0.889535)
      (xy -1.498481 -0.899756) (xy -1.498411 -0.899932) (xy -1.490595 -0.902932) (xy -1.468227 -0.911221)
      (xy -1.432176 -0.924482) (xy -1.383313 -0.942398) (xy -1.322506 -0.964654) (xy -1.250625 -0.990933)
      (xy -1.168538 -1.020917) (xy -1.077117 -1.054292) (xy -0.977229 -1.090739) (xy -0.869744 -1.129943)
      (xy -0.755532 -1.171586) (xy -0.635462 -1.215354) (xy -0.510403 -1.260928) (xy -0.381225 -1.307993)
      (xy -0.248797 -1.356232) (xy -0.113988 -1.405329) (xy 0.022331 -1.454966) (xy 0.159293 -1.504828)
      (xy 0.296027 -1.554598) (xy 0.431663 -1.603959) (xy 0.565334 -1.652595) (xy 0.696168 -1.700189)
      (xy 0.823298 -1.746426) (xy 0.945853 -1.790987) (xy 1.062964 -1.833558) (xy 1.173762 -1.873821)
      (xy 1.277377 -1.911459) (xy 1.372941 -1.946157) (xy 1.459582 -1.977598) (xy 1.536433 -2.005465)
      (xy 1.602624 -2.029442) (xy 1.657286 -2.049212) (xy 1.699548 -2.064458) (xy 1.728542 -2.074865)
      (xy 1.739276 -2.078678) (xy 1.765771 -2.087396) (xy 1.78315 -2.091884) (xy 1.788764 -2.091516)) (layer F.SilkS) (width 0.01))
    (fp_poly (pts (xy -2.092054 2.079748) (xy -2.096156 2.08385) (xy -2.100258 2.079748) (xy -2.096156 2.075646)
      (xy -2.092054 2.079748)) (layer Eco2.User) (width 0.01))
    (fp_poly (pts (xy 2.096703 -1.785425) (xy 2.092746 -1.762011) (xy 2.086167 -1.724305) (xy 2.077136 -1.673233)
      (xy 2.06582 -1.609716) (xy 2.052387 -1.534681) (xy 2.037006 -1.44905) (xy 2.019846 -1.353747)
      (xy 2.001073 -1.249698) (xy 1.980858 -1.137825) (xy 1.959366 -1.019053) (xy 1.936768 -0.894305)
      (xy 1.913231 -0.764506) (xy 1.888924 -0.630581) (xy 1.864014 -0.493452) (xy 1.83867 -0.354043)
      (xy 1.813061 -0.21328) (xy 1.787353 -0.072086) (xy 1.761716 0.068616) (xy 1.736319 0.2079)
      (xy 1.711328 0.344844) (xy 1.686912 0.478522) (xy 1.66324 0.608012) (xy 1.64048 0.732388)
      (xy 1.6188 0.850728) (xy 1.598368 0.962106) (xy 1.579353 1.065599) (xy 1.561922 1.160283)
      (xy 1.546244 1.245234) (xy 1.532487 1.319527) (xy 1.52082 1.38224) (xy 1.511411 1.432447)
      (xy 1.504427 1.469225) (xy 1.500037 1.491649) (xy 1.498432 1.498811) (xy 1.490109 1.501007)
      (xy 1.466602 1.506565) (xy 1.428748 1.515297) (xy 1.377384 1.527015) (xy 1.313345 1.54153)
      (xy 1.237469 1.558657) (xy 1.150591 1.578206) (xy 1.053548 1.59999) (xy 0.947177 1.623821)
      (xy 0.832313 1.649512) (xy 0.709793 1.676874) (xy 0.580455 1.70572) (xy 0.445133 1.735863)
      (xy 0.304664 1.767114) (xy 0.166721 1.797767) (xy 0.021912 1.829928) (xy -0.118679 1.861154)
      (xy -0.254206 1.891256) (xy -0.383823 1.920047) (xy -0.506682 1.947337) (xy -0.621938 1.97294)
      (xy -0.728743 1.996666) (xy -0.826251 2.018329) (xy -0.913615 2.037739) (xy -0.989989 2.054709)
      (xy -1.054526 2.069051) (xy -1.10638 2.080576) (xy -1.144704 2.089097) (xy -1.168651 2.094425)
      (xy -1.177293 2.096354) (xy -1.182039 2.09614) (xy -1.173182 2.090919) (xy -1.169089 2.089021)
      (xy -1.158101 2.084737) (xy -1.132746 2.075247) (xy -1.094082 2.060939) (xy -1.043168 2.042199)
      (xy -0.981063 2.019415) (xy -0.908825 1.992975) (xy -0.827513 1.963264) (xy -0.738186 1.930672)
      (xy -0.641901 1.895583) (xy -0.539718 1.858387) (xy -0.432695 1.81947) (xy -0.348222 1.78878)
      (xy 0.448033 1.499607) (xy 1.271856 -0.148104) (xy 1.349064 -0.302498) (xy 1.424333 -0.452957)
      (xy 1.497333 -0.598825) (xy 1.567737 -0.73945) (xy 1.635215 -0.874175) (xy 1.69944 -1.002347)
      (xy 1.760082 -1.12331) (xy 1.816813 -1.236411) (xy 1.869304 -1.340994) (xy 1.917227 -1.436405)
      (xy 1.960252 -1.521989) (xy 1.998053 -1.597092) (xy 2.030299 -1.661058) (xy 2.056662 -1.713234)
      (xy 2.076813 -1.752965) (xy 2.090425 -1.779596) (xy 2.097168 -1.792472) (xy 2.097871 -1.793623)
      (xy 2.096703 -1.785425)) (layer F.SilkS) (width 0.01))
    (fp_poly (pts (xy 1.791273 -1.78583) (xy 1.780945 -1.764328) (xy 1.76395 -1.729538) (xy 1.740629 -1.682147)
      (xy 1.711327 -1.622846) (xy 1.676385 -1.552324) (xy 1.636148 -1.47127) (xy 1.590957 -1.380373)
      (xy 1.541157 -1.280323) (xy 1.48709 -1.171809) (xy 1.429099 -1.05552) (xy 1.367527 -0.932146)
      (xy 1.302718 -0.802376) (xy 1.235014 -0.666899) (xy 1.164758 -0.526405) (xy 1.092293 -0.381584)
      (xy 1.048547 -0.294197) (xy 0.299451 1.201906) (xy -0.746576 1.650823) (xy -0.870907 1.704177)
      (xy -0.991055 1.755727) (xy -1.106163 1.805107) (xy -1.215372 1.851947) (xy -1.317821 1.89588)
      (xy -1.412653 1.936536) (xy -1.499008 1.973549) (xy -1.576026 2.00655) (xy -1.64285 2.035171)
      (xy -1.698619 2.059043) (xy -1.742475 2.077798) (xy -1.773559 2.091069) (xy -1.791011 2.098486)
      (xy -1.794654 2.099999) (xy -1.796705 2.094223) (xy -1.796706 2.094077) (xy -1.794163 2.085638)
      (xy -1.786754 2.062616) (xy -1.774801 2.02599) (xy -1.758629 1.976742) (xy -1.738563 1.915853)
      (xy -1.714927 1.844304) (xy -1.688046 1.763076) (xy -1.658245 1.67315) (xy -1.625847 1.575507)
      (xy -1.591177 1.471128) (xy -1.554561 1.360994) (xy -1.516321 1.246085) (xy -1.498868 1.193673)
      (xy -1.20103 0.299451) (xy 0.295253 -0.748478) (xy 0.436078 -0.847082) (xy 0.573339 -0.943147)
      (xy 0.706433 -1.036249) (xy 0.834754 -1.125969) (xy 0.957699 -1.211886) (xy 1.074663 -1.293577)
      (xy 1.185043 -1.370623) (xy 1.288233 -1.442602) (xy 1.383629 -1.509093) (xy 1.470629 -1.569674)
      (xy 1.548626 -1.623926) (xy 1.617017 -1.671426) (xy 1.675198 -1.711753) (xy 1.722564 -1.744488)
      (xy 1.758511 -1.769207) (xy 1.782436 -1.785491) (xy 1.793733 -1.792919) (xy 1.794589 -1.793352)
      (xy 1.791273 -1.78583)) (layer F.SilkS) (width 0.01))
  )

  (module Bliley:CO-08 (layer F.Cu) (tedit 5F67C7C2) (tstamp 5F692544)
    (at 167.5 97.75 180)
    (path /5FD80985)
    (fp_text reference Y2 (at -18.75 -9 90) (layer F.SilkS)
      (effects (font (size 1 1) (thickness 0.15)))
    )
    (fp_text value NV47X (at 0 0) (layer F.Fab)
      (effects (font (size 1 1) (thickness 0.15)))
    )
    (fp_line (start 15.494 -13.97) (end -15.494 -13.97) (layer F.CrtYd) (width 0.12))
    (fp_line (start 17.78 11.684) (end 17.78 -11.684) (layer F.CrtYd) (width 0.12))
    (fp_line (start -15.494 13.97) (end 15.494 13.97) (layer F.CrtYd) (width 0.12))
    (fp_line (start -17.78 -11.684) (end -17.78 11.684) (layer F.CrtYd) (width 0.12))
    (fp_arc (start -15.494 -11.684) (end -15.494 -13.97) (angle -90) (layer F.CrtYd) (width 0.12))
    (fp_arc (start -15.494 11.684) (end -17.78 11.684) (angle -90) (layer F.CrtYd) (width 0.12))
    (fp_arc (start 15.494 11.684) (end 15.494 13.97) (angle -90) (layer F.CrtYd) (width 0.12))
    (fp_arc (start 15.494 -11.684) (end 17.78 -11.684) (angle -90) (layer F.CrtYd) (width 0.12))
    (pad 1 thru_hole circle (at -12.7 -8.89 180) (size 1.524 1.524) (drill 0.889) (layers *.Cu *.Mask)
      (net 45 "Net-(C26-Pad2)"))
    (pad 2 thru_hole circle (at -12.7 0 180) (size 1.524 1.524) (drill 0.889) (layers *.Cu *.Mask)
      (net 68 "Net-(Y2-Pad2)"))
    (pad 3 thru_hole circle (at -12.7 8.89 180) (size 1.524 1.524) (drill 0.889) (layers *.Cu *.Mask)
      (net 46 "Net-(FB2-Pad2)"))
    (pad 4 thru_hole circle (at 12.7 8.89 180) (size 1.524 1.524) (drill 0.889) (layers *.Cu *.Mask)
      (net 57 "Net-(R10-Pad2)"))
    (pad 5 thru_hole circle (at 12.7 -8.89 180) (size 1.524 1.524) (drill 0.889) (layers *.Cu *.Mask)
      (net 1 GND))
    (model "${KIPRJMOD}/Bliley NV47X v1.step"
      (offset (xyz 0.4 0 0))
      (scale (xyz 1 1 1))
      (rotate (xyz 0 0 180))
    )
  )

  (module Package_SO:SOIC-16_3.9x9.9mm_P1.27mm (layer F.Cu) (tedit 5D9F72B1) (tstamp 5F65CE3E)
    (at 142.5 92.5 270)
    (descr "SOIC, 16 Pin (JEDEC MS-012AC, https://www.analog.com/media/en/package-pcb-resources/package/pkg_pdf/soic_narrow-r/r_16.pdf), generated with kicad-footprint-generator ipc_gullwing_generator.py")
    (tags "SOIC SO")
    (path /5F646AAD)
    (attr smd)
    (fp_text reference U3 (at 0 -6 90) (layer F.SilkS)
      (effects (font (size 1 1) (thickness 0.15)))
    )
    (fp_text value MC74HC390 (at 0 5.9 90) (layer F.Fab)
      (effects (font (size 1 1) (thickness 0.15)))
    )
    (fp_line (start 3.7 -5.2) (end -3.7 -5.2) (layer F.CrtYd) (width 0.05))
    (fp_line (start 3.7 5.2) (end 3.7 -5.2) (layer F.CrtYd) (width 0.05))
    (fp_line (start -3.7 5.2) (end 3.7 5.2) (layer F.CrtYd) (width 0.05))
    (fp_line (start -3.7 -5.2) (end -3.7 5.2) (layer F.CrtYd) (width 0.05))
    (fp_line (start -1.95 -3.975) (end -0.975 -4.95) (layer F.Fab) (width 0.1))
    (fp_line (start -1.95 4.95) (end -1.95 -3.975) (layer F.Fab) (width 0.1))
    (fp_line (start 1.95 4.95) (end -1.95 4.95) (layer F.Fab) (width 0.1))
    (fp_line (start 1.95 -4.95) (end 1.95 4.95) (layer F.Fab) (width 0.1))
    (fp_line (start -0.975 -4.95) (end 1.95 -4.95) (layer F.Fab) (width 0.1))
    (fp_line (start 0 -5.06) (end -3.45 -5.06) (layer F.SilkS) (width 0.12))
    (fp_line (start 0 -5.06) (end 1.95 -5.06) (layer F.SilkS) (width 0.12))
    (fp_line (start 0 5.06) (end -1.95 5.06) (layer F.SilkS) (width 0.12))
    (fp_line (start 0 5.06) (end 1.95 5.06) (layer F.SilkS) (width 0.12))
    (fp_text user %R (at 0 0 90) (layer F.Fab)
      (effects (font (size 0.98 0.98) (thickness 0.15)))
    )
    (pad 16 smd roundrect (at 2.475 -4.445 270) (size 1.95 0.6) (layers F.Cu F.Paste F.Mask) (roundrect_rratio 0.25)
      (net 83 +5V))
    (pad 15 smd roundrect (at 2.475 -3.175 270) (size 1.95 0.6) (layers F.Cu F.Paste F.Mask) (roundrect_rratio 0.25)
      (net 1 GND))
    (pad 14 smd roundrect (at 2.475 -1.905 270) (size 1.95 0.6) (layers F.Cu F.Paste F.Mask) (roundrect_rratio 0.25)
      (net 1 GND))
    (pad 13 smd roundrect (at 2.475 -0.635 270) (size 1.95 0.6) (layers F.Cu F.Paste F.Mask) (roundrect_rratio 0.25))
    (pad 12 smd roundrect (at 2.475 0.635 270) (size 1.95 0.6) (layers F.Cu F.Paste F.Mask) (roundrect_rratio 0.25)
      (net 1 GND))
    (pad 11 smd roundrect (at 2.475 1.905 270) (size 1.95 0.6) (layers F.Cu F.Paste F.Mask) (roundrect_rratio 0.25))
    (pad 10 smd roundrect (at 2.475 3.175 270) (size 1.95 0.6) (layers F.Cu F.Paste F.Mask) (roundrect_rratio 0.25))
    (pad 9 smd roundrect (at 2.475 4.445 270) (size 1.95 0.6) (layers F.Cu F.Paste F.Mask) (roundrect_rratio 0.25))
    (pad 8 smd roundrect (at -2.475 4.445 270) (size 1.95 0.6) (layers F.Cu F.Paste F.Mask) (roundrect_rratio 0.25)
      (net 1 GND))
    (pad 7 smd roundrect (at -2.475 3.175 270) (size 1.95 0.6) (layers F.Cu F.Paste F.Mask) (roundrect_rratio 0.25)
      (net 62 /1MHz))
    (pad 6 smd roundrect (at -2.475 1.905 270) (size 1.95 0.6) (layers F.Cu F.Paste F.Mask) (roundrect_rratio 0.25))
    (pad 5 smd roundrect (at -2.475 0.635 270) (size 1.95 0.6) (layers F.Cu F.Paste F.Mask) (roundrect_rratio 0.25))
    (pad 4 smd roundrect (at -2.475 -0.635 270) (size 1.95 0.6) (layers F.Cu F.Paste F.Mask) (roundrect_rratio 0.25)
      (net 55 "Net-(R7-Pad2)"))
    (pad 3 smd roundrect (at -2.475 -1.905 270) (size 1.95 0.6) (layers F.Cu F.Paste F.Mask) (roundrect_rratio 0.25)
      (net 55 "Net-(R7-Pad2)"))
    (pad 2 smd roundrect (at -2.475 -3.175 270) (size 1.95 0.6) (layers F.Cu F.Paste F.Mask) (roundrect_rratio 0.25)
      (net 1 GND))
    (pad 1 smd roundrect (at -2.475 -4.445 270) (size 1.95 0.6) (layers F.Cu F.Paste F.Mask) (roundrect_rratio 0.25)
      (net 2 10MHz))
    (model ${KISYS3DMOD}/Package_SO.3dshapes/SOIC-16_3.9x9.9mm_P1.27mm.wrl
      (at (xyz 0 0 0))
      (scale (xyz 1 1 1))
      (rotate (xyz 0 0 0))
    )
  )

  (module Capacitor_SMD:C_0805_2012Metric_Pad1.15x1.40mm_HandSolder (layer F.Cu) (tedit 5B36C52B) (tstamp 5F65C829)
    (at 139.5 130.75 90)
    (descr "Capacitor SMD 0805 (2012 Metric), square (rectangular) end terminal, IPC_7351 nominal with elongated pad for handsoldering. (Body size source: https://docs.google.com/spreadsheets/d/1BsfQQcO9C6DZCsRaXUlFlo91Tg2WpOkGARC1WS5S8t0/edit?usp=sharing), generated with kicad-footprint-generator")
    (tags "capacitor handsolder")
    (path /5F6DDEED)
    (attr smd)
    (fp_text reference C1 (at -2.75 0 180) (layer F.SilkS)
      (effects (font (size 1 1) (thickness 0.15)))
    )
    (fp_text value 6.8pF (at 0 1.65 90) (layer F.Fab)
      (effects (font (size 1 1) (thickness 0.15)))
    )
    (fp_line (start 1.85 0.95) (end -1.85 0.95) (layer F.CrtYd) (width 0.05))
    (fp_line (start 1.85 -0.95) (end 1.85 0.95) (layer F.CrtYd) (width 0.05))
    (fp_line (start -1.85 -0.95) (end 1.85 -0.95) (layer F.CrtYd) (width 0.05))
    (fp_line (start -1.85 0.95) (end -1.85 -0.95) (layer F.CrtYd) (width 0.05))
    (fp_line (start -0.261252 0.71) (end 0.261252 0.71) (layer F.SilkS) (width 0.12))
    (fp_line (start -0.261252 -0.71) (end 0.261252 -0.71) (layer F.SilkS) (width 0.12))
    (fp_line (start 1 0.6) (end -1 0.6) (layer F.Fab) (width 0.1))
    (fp_line (start 1 -0.6) (end 1 0.6) (layer F.Fab) (width 0.1))
    (fp_line (start -1 -0.6) (end 1 -0.6) (layer F.Fab) (width 0.1))
    (fp_line (start -1 0.6) (end -1 -0.6) (layer F.Fab) (width 0.1))
    (fp_text user %R (at 0 0 90) (layer F.Fab)
      (effects (font (size 0.5 0.5) (thickness 0.08)))
    )
    (pad 2 smd roundrect (at 1.025 0 90) (size 1.15 1.4) (layers F.Cu F.Paste F.Mask) (roundrect_rratio 0.2173904347826087)
      (net 71 XTAL1))
    (pad 1 smd roundrect (at -1.025 0 90) (size 1.15 1.4) (layers F.Cu F.Paste F.Mask) (roundrect_rratio 0.2173904347826087)
      (net 1 GND))
    (model ${KISYS3DMOD}/Capacitor_SMD.3dshapes/C_0805_2012Metric.wrl
      (at (xyz 0 0 0))
      (scale (xyz 1 1 1))
      (rotate (xyz 0 0 0))
    )
  )

  (module Capacitor_SMD:C_0805_2012Metric_Pad1.15x1.40mm_HandSolder (layer F.Cu) (tedit 5B36C52B) (tstamp 5F65C83A)
    (at 130.5 130.75 270)
    (descr "Capacitor SMD 0805 (2012 Metric), square (rectangular) end terminal, IPC_7351 nominal with elongated pad for handsoldering. (Body size source: https://docs.google.com/spreadsheets/d/1BsfQQcO9C6DZCsRaXUlFlo91Tg2WpOkGARC1WS5S8t0/edit?usp=sharing), generated with kicad-footprint-generator")
    (tags "capacitor handsolder")
    (path /5F6D722A)
    (attr smd)
    (fp_text reference C2 (at 2.75 0 180) (layer F.SilkS)
      (effects (font (size 1 1) (thickness 0.15)))
    )
    (fp_text value 6.8pF (at 0 1.65 90) (layer F.Fab)
      (effects (font (size 1 1) (thickness 0.15)))
    )
    (fp_line (start -1 0.6) (end -1 -0.6) (layer F.Fab) (width 0.1))
    (fp_line (start -1 -0.6) (end 1 -0.6) (layer F.Fab) (width 0.1))
    (fp_line (start 1 -0.6) (end 1 0.6) (layer F.Fab) (width 0.1))
    (fp_line (start 1 0.6) (end -1 0.6) (layer F.Fab) (width 0.1))
    (fp_line (start -0.261252 -0.71) (end 0.261252 -0.71) (layer F.SilkS) (width 0.12))
    (fp_line (start -0.261252 0.71) (end 0.261252 0.71) (layer F.SilkS) (width 0.12))
    (fp_line (start -1.85 0.95) (end -1.85 -0.95) (layer F.CrtYd) (width 0.05))
    (fp_line (start -1.85 -0.95) (end 1.85 -0.95) (layer F.CrtYd) (width 0.05))
    (fp_line (start 1.85 -0.95) (end 1.85 0.95) (layer F.CrtYd) (width 0.05))
    (fp_line (start 1.85 0.95) (end -1.85 0.95) (layer F.CrtYd) (width 0.05))
    (fp_text user %R (at 0 0 90) (layer F.Fab)
      (effects (font (size 0.5 0.5) (thickness 0.08)))
    )
    (pad 1 smd roundrect (at -1.025 0 270) (size 1.15 1.4) (layers F.Cu F.Paste F.Mask) (roundrect_rratio 0.2173904347826087)
      (net 1 GND))
    (pad 2 smd roundrect (at 1.025 0 270) (size 1.15 1.4) (layers F.Cu F.Paste F.Mask) (roundrect_rratio 0.2173904347826087)
      (net 72 XTAL2))
    (model ${KISYS3DMOD}/Capacitor_SMD.3dshapes/C_0805_2012Metric.wrl
      (at (xyz 0 0 0))
      (scale (xyz 1 1 1))
      (rotate (xyz 0 0 0))
    )
  )

  (module Capacitor_SMD:C_0805_2012Metric_Pad1.15x1.40mm_HandSolder (layer B.Cu) (tedit 5B36C52B) (tstamp 5F65C85C)
    (at 135 122 180)
    (descr "Capacitor SMD 0805 (2012 Metric), square (rectangular) end terminal, IPC_7351 nominal with elongated pad for handsoldering. (Body size source: https://docs.google.com/spreadsheets/d/1BsfQQcO9C6DZCsRaXUlFlo91Tg2WpOkGARC1WS5S8t0/edit?usp=sharing), generated with kicad-footprint-generator")
    (tags "capacitor handsolder")
    (path /5F6EFBE0)
    (attr smd)
    (fp_text reference C4 (at 0 1.65) (layer B.SilkS)
      (effects (font (size 1 1) (thickness 0.15)) (justify mirror))
    )
    (fp_text value 1uF (at 0 -1.65) (layer B.Fab)
      (effects (font (size 1 1) (thickness 0.15)) (justify mirror))
    )
    (fp_line (start -1 -0.6) (end -1 0.6) (layer B.Fab) (width 0.1))
    (fp_line (start -1 0.6) (end 1 0.6) (layer B.Fab) (width 0.1))
    (fp_line (start 1 0.6) (end 1 -0.6) (layer B.Fab) (width 0.1))
    (fp_line (start 1 -0.6) (end -1 -0.6) (layer B.Fab) (width 0.1))
    (fp_line (start -0.261252 0.71) (end 0.261252 0.71) (layer B.SilkS) (width 0.12))
    (fp_line (start -0.261252 -0.71) (end 0.261252 -0.71) (layer B.SilkS) (width 0.12))
    (fp_line (start -1.85 -0.95) (end -1.85 0.95) (layer B.CrtYd) (width 0.05))
    (fp_line (start -1.85 0.95) (end 1.85 0.95) (layer B.CrtYd) (width 0.05))
    (fp_line (start 1.85 0.95) (end 1.85 -0.95) (layer B.CrtYd) (width 0.05))
    (fp_line (start 1.85 -0.95) (end -1.85 -0.95) (layer B.CrtYd) (width 0.05))
    (fp_text user %R (at 0 0) (layer B.Fab)
      (effects (font (size 0.5 0.5) (thickness 0.08)) (justify mirror))
    )
    (pad 1 smd roundrect (at -1.025 0 180) (size 1.15 1.4) (layers B.Cu B.Paste B.Mask) (roundrect_rratio 0.2173904347826087)
      (net 1 GND))
    (pad 2 smd roundrect (at 1.025 0 180) (size 1.15 1.4) (layers B.Cu B.Paste B.Mask) (roundrect_rratio 0.2173904347826087)
      (net 40 "Net-(C4-Pad2)"))
    (model ${KISYS3DMOD}/Capacitor_SMD.3dshapes/C_0805_2012Metric.wrl
      (at (xyz 0 0 0))
      (scale (xyz 1 1 1))
      (rotate (xyz 0 0 0))
    )
  )

  (module Capacitor_SMD:C_0805_2012Metric_Pad1.15x1.40mm_HandSolder (layer B.Cu) (tedit 5B36C52B) (tstamp 5F65C87E)
    (at 135 118)
    (descr "Capacitor SMD 0805 (2012 Metric), square (rectangular) end terminal, IPC_7351 nominal with elongated pad for handsoldering. (Body size source: https://docs.google.com/spreadsheets/d/1BsfQQcO9C6DZCsRaXUlFlo91Tg2WpOkGARC1WS5S8t0/edit?usp=sharing), generated with kicad-footprint-generator")
    (tags "capacitor handsolder")
    (path /5F6F3A1A)
    (attr smd)
    (fp_text reference C6 (at 0 -1.5) (layer B.SilkS)
      (effects (font (size 1 1) (thickness 0.15)) (justify mirror))
    )
    (fp_text value 0.1uF (at 0 -1.65) (layer B.Fab)
      (effects (font (size 1 1) (thickness 0.15)) (justify mirror))
    )
    (fp_line (start 1.85 -0.95) (end -1.85 -0.95) (layer B.CrtYd) (width 0.05))
    (fp_line (start 1.85 0.95) (end 1.85 -0.95) (layer B.CrtYd) (width 0.05))
    (fp_line (start -1.85 0.95) (end 1.85 0.95) (layer B.CrtYd) (width 0.05))
    (fp_line (start -1.85 -0.95) (end -1.85 0.95) (layer B.CrtYd) (width 0.05))
    (fp_line (start -0.261252 -0.71) (end 0.261252 -0.71) (layer B.SilkS) (width 0.12))
    (fp_line (start -0.261252 0.71) (end 0.261252 0.71) (layer B.SilkS) (width 0.12))
    (fp_line (start 1 -0.6) (end -1 -0.6) (layer B.Fab) (width 0.1))
    (fp_line (start 1 0.6) (end 1 -0.6) (layer B.Fab) (width 0.1))
    (fp_line (start -1 0.6) (end 1 0.6) (layer B.Fab) (width 0.1))
    (fp_line (start -1 -0.6) (end -1 0.6) (layer B.Fab) (width 0.1))
    (fp_text user %R (at 0 0) (layer B.Fab)
      (effects (font (size 0.5 0.5) (thickness 0.08)) (justify mirror))
    )
    (pad 2 smd roundrect (at 1.025 0) (size 1.15 1.4) (layers B.Cu B.Paste B.Mask) (roundrect_rratio 0.2173904347826087)
      (net 83 +5V))
    (pad 1 smd roundrect (at -1.025 0) (size 1.15 1.4) (layers B.Cu B.Paste B.Mask) (roundrect_rratio 0.2173904347826087)
      (net 1 GND))
    (model ${KISYS3DMOD}/Capacitor_SMD.3dshapes/C_0805_2012Metric.wrl
      (at (xyz 0 0 0))
      (scale (xyz 1 1 1))
      (rotate (xyz 0 0 0))
    )
  )

  (module Capacitor_SMD:C_0805_2012Metric_Pad1.15x1.40mm_HandSolder (layer F.Cu) (tedit 5B36C52B) (tstamp 5F65C8B1)
    (at 145.75 98.25)
    (descr "Capacitor SMD 0805 (2012 Metric), square (rectangular) end terminal, IPC_7351 nominal with elongated pad for handsoldering. (Body size source: https://docs.google.com/spreadsheets/d/1BsfQQcO9C6DZCsRaXUlFlo91Tg2WpOkGARC1WS5S8t0/edit?usp=sharing), generated with kicad-footprint-generator")
    (tags "capacitor handsolder")
    (path /5F69B8C6)
    (attr smd)
    (fp_text reference C9 (at 0 1.75 180) (layer F.SilkS)
      (effects (font (size 1 1) (thickness 0.15)))
    )
    (fp_text value 0.1uF (at 0 1.65 180) (layer F.Fab)
      (effects (font (size 1 1) (thickness 0.15)))
    )
    (fp_line (start -1 0.6) (end -1 -0.6) (layer F.Fab) (width 0.1))
    (fp_line (start -1 -0.6) (end 1 -0.6) (layer F.Fab) (width 0.1))
    (fp_line (start 1 -0.6) (end 1 0.6) (layer F.Fab) (width 0.1))
    (fp_line (start 1 0.6) (end -1 0.6) (layer F.Fab) (width 0.1))
    (fp_line (start -0.261252 -0.71) (end 0.261252 -0.71) (layer F.SilkS) (width 0.12))
    (fp_line (start -0.261252 0.71) (end 0.261252 0.71) (layer F.SilkS) (width 0.12))
    (fp_line (start -1.85 0.95) (end -1.85 -0.95) (layer F.CrtYd) (width 0.05))
    (fp_line (start -1.85 -0.95) (end 1.85 -0.95) (layer F.CrtYd) (width 0.05))
    (fp_line (start 1.85 -0.95) (end 1.85 0.95) (layer F.CrtYd) (width 0.05))
    (fp_line (start 1.85 0.95) (end -1.85 0.95) (layer F.CrtYd) (width 0.05))
    (fp_text user %R (at 0 0 180) (layer F.Fab)
      (effects (font (size 0.5 0.5) (thickness 0.08)))
    )
    (pad 1 smd roundrect (at -1.025 0) (size 1.15 1.4) (layers F.Cu F.Paste F.Mask) (roundrect_rratio 0.2173904347826087)
      (net 1 GND))
    (pad 2 smd roundrect (at 1.025 0) (size 1.15 1.4) (layers F.Cu F.Paste F.Mask) (roundrect_rratio 0.2173904347826087)
      (net 83 +5V))
    (model ${KISYS3DMOD}/Capacitor_SMD.3dshapes/C_0805_2012Metric.wrl
      (at (xyz 0 0 0))
      (scale (xyz 1 1 1))
      (rotate (xyz 0 0 0))
    )
  )

  (module Capacitor_SMD:C_0805_2012Metric_Pad1.15x1.40mm_HandSolder (layer F.Cu) (tedit 5B36C52B) (tstamp 5F65C8C2)
    (at 133.25 98.25)
    (descr "Capacitor SMD 0805 (2012 Metric), square (rectangular) end terminal, IPC_7351 nominal with elongated pad for handsoldering. (Body size source: https://docs.google.com/spreadsheets/d/1BsfQQcO9C6DZCsRaXUlFlo91Tg2WpOkGARC1WS5S8t0/edit?usp=sharing), generated with kicad-footprint-generator")
    (tags "capacitor handsolder")
    (path /5F68D314)
    (attr smd)
    (fp_text reference C10 (at 0 1.75 180) (layer F.SilkS)
      (effects (font (size 1 1) (thickness 0.15)))
    )
    (fp_text value 0.1uF (at 0 1.65 180) (layer F.Fab)
      (effects (font (size 1 1) (thickness 0.15)))
    )
    (fp_line (start 1.85 0.95) (end -1.85 0.95) (layer F.CrtYd) (width 0.05))
    (fp_line (start 1.85 -0.95) (end 1.85 0.95) (layer F.CrtYd) (width 0.05))
    (fp_line (start -1.85 -0.95) (end 1.85 -0.95) (layer F.CrtYd) (width 0.05))
    (fp_line (start -1.85 0.95) (end -1.85 -0.95) (layer F.CrtYd) (width 0.05))
    (fp_line (start -0.261252 0.71) (end 0.261252 0.71) (layer F.SilkS) (width 0.12))
    (fp_line (start -0.261252 -0.71) (end 0.261252 -0.71) (layer F.SilkS) (width 0.12))
    (fp_line (start 1 0.6) (end -1 0.6) (layer F.Fab) (width 0.1))
    (fp_line (start 1 -0.6) (end 1 0.6) (layer F.Fab) (width 0.1))
    (fp_line (start -1 -0.6) (end 1 -0.6) (layer F.Fab) (width 0.1))
    (fp_line (start -1 0.6) (end -1 -0.6) (layer F.Fab) (width 0.1))
    (fp_text user %R (at 0 0 180) (layer F.Fab)
      (effects (font (size 0.5 0.5) (thickness 0.08)))
    )
    (pad 2 smd roundrect (at 1.025 0) (size 1.15 1.4) (layers F.Cu F.Paste F.Mask) (roundrect_rratio 0.2173904347826087)
      (net 83 +5V))
    (pad 1 smd roundrect (at -1.025 0) (size 1.15 1.4) (layers F.Cu F.Paste F.Mask) (roundrect_rratio 0.2173904347826087)
      (net 1 GND))
    (model ${KISYS3DMOD}/Capacitor_SMD.3dshapes/C_0805_2012Metric.wrl
      (at (xyz 0 0 0))
      (scale (xyz 1 1 1))
      (rotate (xyz 0 0 0))
    )
  )

  (module Capacitor_SMD:C_0805_2012Metric_Pad1.15x1.40mm_HandSolder (layer F.Cu) (tedit 5B36C52B) (tstamp 5F65C8E4)
    (at 134.25 102 180)
    (descr "Capacitor SMD 0805 (2012 Metric), square (rectangular) end terminal, IPC_7351 nominal with elongated pad for handsoldering. (Body size source: https://docs.google.com/spreadsheets/d/1BsfQQcO9C6DZCsRaXUlFlo91Tg2WpOkGARC1WS5S8t0/edit?usp=sharing), generated with kicad-footprint-generator")
    (tags "capacitor handsolder")
    (path /5F6ABA66)
    (attr smd)
    (fp_text reference C13 (at 0 -1.75 180) (layer F.SilkS)
      (effects (font (size 1 1) (thickness 0.15)))
    )
    (fp_text value 1nF (at 0 1.65 180) (layer F.Fab)
      (effects (font (size 1 1) (thickness 0.15)))
    )
    (fp_line (start 1.85 0.95) (end -1.85 0.95) (layer F.CrtYd) (width 0.05))
    (fp_line (start 1.85 -0.95) (end 1.85 0.95) (layer F.CrtYd) (width 0.05))
    (fp_line (start -1.85 -0.95) (end 1.85 -0.95) (layer F.CrtYd) (width 0.05))
    (fp_line (start -1.85 0.95) (end -1.85 -0.95) (layer F.CrtYd) (width 0.05))
    (fp_line (start -0.261252 0.71) (end 0.261252 0.71) (layer F.SilkS) (width 0.12))
    (fp_line (start -0.261252 -0.71) (end 0.261252 -0.71) (layer F.SilkS) (width 0.12))
    (fp_line (start 1 0.6) (end -1 0.6) (layer F.Fab) (width 0.1))
    (fp_line (start 1 -0.6) (end 1 0.6) (layer F.Fab) (width 0.1))
    (fp_line (start -1 -0.6) (end 1 -0.6) (layer F.Fab) (width 0.1))
    (fp_line (start -1 0.6) (end -1 -0.6) (layer F.Fab) (width 0.1))
    (fp_text user %R (at 0 0 180) (layer F.Fab)
      (effects (font (size 0.5 0.5) (thickness 0.08)))
    )
    (pad 2 smd roundrect (at 1.025 0 180) (size 1.15 1.4) (layers F.Cu F.Paste F.Mask) (roundrect_rratio 0.2173904347826087)
      (net 43 ADC0))
    (pad 1 smd roundrect (at -1.025 0 180) (size 1.15 1.4) (layers F.Cu F.Paste F.Mask) (roundrect_rratio 0.2173904347826087)
      (net 1 GND))
    (model ${KISYS3DMOD}/Capacitor_SMD.3dshapes/C_0805_2012Metric.wrl
      (at (xyz 0 0 0))
      (scale (xyz 1 1 1))
      (rotate (xyz 0 0 0))
    )
  )

  (module Capacitor_SMD:C_0805_2012Metric_Pad1.15x1.40mm_HandSolder (layer F.Cu) (tedit 5B36C52B) (tstamp 5F65C906)
    (at 121.25 85.5)
    (descr "Capacitor SMD 0805 (2012 Metric), square (rectangular) end terminal, IPC_7351 nominal with elongated pad for handsoldering. (Body size source: https://docs.google.com/spreadsheets/d/1BsfQQcO9C6DZCsRaXUlFlo91Tg2WpOkGARC1WS5S8t0/edit?usp=sharing), generated with kicad-footprint-generator")
    (tags "capacitor handsolder")
    (path /5F9CF383)
    (attr smd)
    (fp_text reference C15 (at 1 -1.75) (layer F.SilkS)
      (effects (font (size 1 1) (thickness 0.15)))
    )
    (fp_text value 0.1uF (at 0 1.65) (layer F.Fab)
      (effects (font (size 1 1) (thickness 0.15)))
    )
    (fp_line (start 1.85 0.95) (end -1.85 0.95) (layer F.CrtYd) (width 0.05))
    (fp_line (start 1.85 -0.95) (end 1.85 0.95) (layer F.CrtYd) (width 0.05))
    (fp_line (start -1.85 -0.95) (end 1.85 -0.95) (layer F.CrtYd) (width 0.05))
    (fp_line (start -1.85 0.95) (end -1.85 -0.95) (layer F.CrtYd) (width 0.05))
    (fp_line (start -0.261252 0.71) (end 0.261252 0.71) (layer F.SilkS) (width 0.12))
    (fp_line (start -0.261252 -0.71) (end 0.261252 -0.71) (layer F.SilkS) (width 0.12))
    (fp_line (start 1 0.6) (end -1 0.6) (layer F.Fab) (width 0.1))
    (fp_line (start 1 -0.6) (end 1 0.6) (layer F.Fab) (width 0.1))
    (fp_line (start -1 -0.6) (end 1 -0.6) (layer F.Fab) (width 0.1))
    (fp_line (start -1 0.6) (end -1 -0.6) (layer F.Fab) (width 0.1))
    (fp_text user %R (at 0 0) (layer F.Fab)
      (effects (font (size 0.5 0.5) (thickness 0.08)))
    )
    (pad 2 smd roundrect (at 1.025 0) (size 1.15 1.4) (layers F.Cu F.Paste F.Mask) (roundrect_rratio 0.2173904347826087)
      (net 2 10MHz))
    (pad 1 smd roundrect (at -1.025 0) (size 1.15 1.4) (layers F.Cu F.Paste F.Mask) (roundrect_rratio 0.2173904347826087)
      (net 3 "Net-(C15-Pad1)"))
    (model ${KISYS3DMOD}/Capacitor_SMD.3dshapes/C_0805_2012Metric.wrl
      (at (xyz 0 0 0))
      (scale (xyz 1 1 1))
      (rotate (xyz 0 0 0))
    )
  )

  (module Capacitor_SMD:C_0805_2012Metric_Pad1.15x1.40mm_HandSolder (layer F.Cu) (tedit 5B36C52B) (tstamp 5F65C928)
    (at 109.5 80 180)
    (descr "Capacitor SMD 0805 (2012 Metric), square (rectangular) end terminal, IPC_7351 nominal with elongated pad for handsoldering. (Body size source: https://docs.google.com/spreadsheets/d/1BsfQQcO9C6DZCsRaXUlFlo91Tg2WpOkGARC1WS5S8t0/edit?usp=sharing), generated with kicad-footprint-generator")
    (tags "capacitor handsolder")
    (path /5F87C209)
    (attr smd)
    (fp_text reference C17 (at 0 -1.75 180) (layer F.SilkS)
      (effects (font (size 1 1) (thickness 0.15)))
    )
    (fp_text value 0.1uF (at 0 1.65) (layer F.Fab)
      (effects (font (size 1 1) (thickness 0.15)))
    )
    (fp_line (start -1 0.6) (end -1 -0.6) (layer F.Fab) (width 0.1))
    (fp_line (start -1 -0.6) (end 1 -0.6) (layer F.Fab) (width 0.1))
    (fp_line (start 1 -0.6) (end 1 0.6) (layer F.Fab) (width 0.1))
    (fp_line (start 1 0.6) (end -1 0.6) (layer F.Fab) (width 0.1))
    (fp_line (start -0.261252 -0.71) (end 0.261252 -0.71) (layer F.SilkS) (width 0.12))
    (fp_line (start -0.261252 0.71) (end 0.261252 0.71) (layer F.SilkS) (width 0.12))
    (fp_line (start -1.85 0.95) (end -1.85 -0.95) (layer F.CrtYd) (width 0.05))
    (fp_line (start -1.85 -0.95) (end 1.85 -0.95) (layer F.CrtYd) (width 0.05))
    (fp_line (start 1.85 -0.95) (end 1.85 0.95) (layer F.CrtYd) (width 0.05))
    (fp_line (start 1.85 0.95) (end -1.85 0.95) (layer F.CrtYd) (width 0.05))
    (fp_text user %R (at 0 0) (layer F.Fab)
      (effects (font (size 0.5 0.5) (thickness 0.08)))
    )
    (pad 1 smd roundrect (at -1.025 0 180) (size 1.15 1.4) (layers F.Cu F.Paste F.Mask) (roundrect_rratio 0.2173904347826087)
      (net 1 GND))
    (pad 2 smd roundrect (at 1.025 0 180) (size 1.15 1.4) (layers F.Cu F.Paste F.Mask) (roundrect_rratio 0.2173904347826087)
      (net 83 +5V))
    (model ${KISYS3DMOD}/Capacitor_SMD.3dshapes/C_0805_2012Metric.wrl
      (at (xyz 0 0 0))
      (scale (xyz 1 1 1))
      (rotate (xyz 0 0 0))
    )
  )

  (module Capacitor_SMD:C_0805_2012Metric_Pad1.15x1.40mm_HandSolder (layer F.Cu) (tedit 5B36C52B) (tstamp 5F65C95B)
    (at 102.5 87.5)
    (descr "Capacitor SMD 0805 (2012 Metric), square (rectangular) end terminal, IPC_7351 nominal with elongated pad for handsoldering. (Body size source: https://docs.google.com/spreadsheets/d/1BsfQQcO9C6DZCsRaXUlFlo91Tg2WpOkGARC1WS5S8t0/edit?usp=sharing), generated with kicad-footprint-generator")
    (tags "capacitor handsolder")
    (path /5F8CE00C)
    (attr smd)
    (fp_text reference C20 (at 0 1.75 180) (layer F.SilkS)
      (effects (font (size 1 1) (thickness 0.15)))
    )
